
                            mean       std    median      5.0%     95.0%     n_eff     r_hat
                    D0  13880.16      0.00  13880.16  13880.16  13880.16      0.50      0.99
                    E0 177119.13      0.00 177119.13 177119.13 177119.13      0.50       nan
                    H0   7466.36      0.00   7466.36   7466.36   7466.36      0.50      0.99
                    I0 257519.60      0.00 257519.60 257519.60 257519.60      0.50      0.99
                 beta0      6.38      0.00      6.38      6.38      6.38      0.50      0.99
  confirmed_dispersion      0.81      0.00      0.81      0.81      0.81      0.50       nan
      death_dispersion      1.18      0.00      1.18      1.18      1.18       nan       nan
            death_prob      0.42      0.00      0.42      0.42      0.42      0.50       nan
            death_rate      0.26      0.00      0.26      0.26      0.26       nan      0.99
           det_prob[0]      0.87      0.00      0.87      0.87      0.87      0.50      0.99
           det_prob[1]      0.25      0.00      0.25      0.25      0.25      0.50      0.99
           det_prob[2]      0.87      0.00      0.87      0.87      0.87      0.50      0.99
           det_prob[3]      0.54      0.00      0.54      0.54      0.54      0.50      0.99
           det_prob[4]      0.28      0.00      0.28      0.28      0.28      0.50      0.99
           det_prob[5]      0.72      0.00      0.72      0.72      0.72      0.50      0.99
           det_prob[6]      0.69      0.00      0.69      0.69      0.69      0.50      0.99
           det_prob[7]      0.61      0.00      0.61      0.61      0.61      0.50      0.99
           det_prob[8]      0.12      0.00      0.12      0.12      0.12      0.50      0.99
           det_prob[9]      0.78      0.00      0.78      0.78      0.78      0.50      0.99
          det_prob[10]      0.41      0.00      0.41      0.41      0.41      0.50      0.99
          det_prob[11]      0.30      0.00      0.30      0.30      0.30      0.50      0.99
          det_prob[12]      0.42      0.00      0.42      0.42      0.42      0.50      0.99
          det_prob[13]      0.21      0.00      0.21      0.21      0.21      0.50      0.99
          det_prob[14]      0.16      0.00      0.16      0.16      0.16      0.50      0.99
          det_prob[15]      0.80      0.00      0.80      0.80      0.80      0.50      0.99
          det_prob[16]      0.54      0.00      0.54      0.54      0.54      0.50      0.99
          det_prob[17]      0.16      0.00      0.16      0.16      0.16      0.50      0.99
          det_prob[18]      0.58      0.00      0.58      0.58      0.58      0.50      0.99
          det_prob[19]      0.84      0.00      0.84      0.84      0.84      0.50       nan
          det_prob[20]      0.58      0.00      0.58      0.58      0.58      0.50      0.99
          det_prob[21]      0.83      0.00      0.83      0.83      0.83      0.50      0.99
          det_prob[22]      0.27      0.00      0.27      0.27      0.27       nan       nan
          det_prob[23]      0.26      0.00      0.26      0.26      0.26      0.50      0.99
          det_prob[24]      0.16      0.00      0.16      0.16      0.16      0.50      0.99
          det_prob[25]      0.13      0.00      0.13      0.13      0.13      0.50      0.99
          det_prob[26]      0.88      0.00      0.88      0.88      0.88      0.50      0.99
          det_prob[27]      0.77      0.00      0.77      0.77      0.77      0.50      0.99
          det_prob[28]      0.88      0.00      0.88      0.88      0.88      0.50      0.99
          det_prob[29]      0.36      0.00      0.36      0.36      0.36      0.50      0.99
          det_prob[30]      0.18      0.00      0.18      0.18      0.18      0.50      0.99
          det_prob[31]      0.17      0.00      0.17      0.17      0.17      0.50      0.99
          det_prob[32]      0.65      0.00      0.65      0.65      0.65      0.50      0.99
          det_prob[33]      0.82      0.00      0.82      0.82      0.82      0.50      0.99
          det_prob[34]      0.66      0.00      0.66      0.66      0.66      0.50       nan
          det_prob[35]      0.27      0.00      0.27      0.27      0.27      0.50      0.99
          det_prob[36]      0.64      0.00      0.64      0.64      0.64      0.50      0.99
          det_prob[37]      0.86      0.00      0.86      0.86      0.86      0.50      0.99
          det_prob[38]      0.77      0.00      0.77      0.77      0.77      0.50      0.99
          det_prob[39]      0.24      0.00      0.24      0.24      0.24      0.50      0.99
          det_prob[40]      0.14      0.00      0.14      0.14      0.14       nan       nan
          det_prob[41]      0.66      0.00      0.66      0.66      0.66      0.50      0.99
          det_prob[42]      0.19      0.00      0.19      0.19      0.19      0.50      0.99
          det_prob[43]      0.59      0.00      0.59      0.59      0.59      0.50      0.99
          det_prob[44]      0.12      0.00      0.12      0.12      0.12      0.50      0.99
          det_prob[45]      0.76      0.00      0.76      0.76      0.76       nan       nan
          det_prob[46]      0.29      0.00      0.29      0.29      0.29      0.50      0.99
          det_prob[47]      0.16      0.00      0.16      0.16      0.16      0.50      0.99
          det_prob[48]      0.79      0.00      0.79      0.79      0.79      0.50      0.99
          det_prob[49]      0.40      0.00      0.40      0.40      0.40      0.50      0.99
          det_prob[50]      0.69      0.00      0.69      0.69      0.69      0.50      0.99
          det_prob[51]      0.24      0.00      0.24      0.24      0.24      0.50      0.99
          det_prob[52]      0.53      0.00      0.53      0.53      0.53      0.50      0.99
          det_prob[53]      0.57      0.00      0.57      0.57      0.57      0.50      0.99
          det_prob[54]      0.53      0.00      0.53      0.53      0.53      0.50      0.99
          det_prob[55]      0.51      0.00      0.51      0.51      0.51      0.50      0.99
          det_prob[56]      0.80      0.00      0.80      0.80      0.80      0.50      0.99
          det_prob[57]      0.12      0.00      0.12      0.12      0.12      0.50      0.99
          det_prob[58]      0.16      0.00      0.16      0.16      0.16      0.50      0.99
          det_prob[59]      0.54      0.00      0.54      0.54      0.54      0.50      0.99
          det_prob[60]      0.14      0.00      0.14      0.14      0.14      0.50      0.99
          det_prob[61]      0.57      0.00      0.57      0.57      0.57      0.50      0.99
          det_prob[62]      0.56      0.00      0.56      0.56      0.56      0.50      0.99
          det_prob[63]      0.78      0.00      0.78      0.78      0.78      0.50      0.99
          det_prob[64]      0.71      0.00      0.71      0.71      0.71      0.50       nan
          det_prob[65]      0.27      0.00      0.27      0.27      0.27      0.50      0.99
          det_prob[66]      0.66      0.00      0.66      0.66      0.66      0.50      0.99
          det_prob[67]      0.38      0.00      0.38      0.38      0.38       nan      0.99
          det_prob[68]      0.27      0.00      0.27      0.27      0.27      0.50      0.99
          det_prob[69]      0.22      0.00      0.22      0.22      0.22      0.50      0.99
          det_prob[70]      0.62      0.00      0.62      0.62      0.62      0.50      0.99
          det_prob[71]      0.22      0.00      0.22      0.22      0.22      0.50      0.99
          det_prob[72]      0.30      0.00      0.30      0.30      0.30      0.50      0.99
          det_prob[73]      0.13      0.00      0.13      0.13      0.13      0.50      0.99
          det_prob[74]      0.24      0.00      0.24      0.24      0.24      0.50      0.99
          det_prob[75]      0.55      0.00      0.55      0.55      0.55      0.50      0.99
          det_prob[76]      0.53      0.00      0.53      0.53      0.53      0.50      0.99
          det_prob[77]      0.47      0.00      0.47      0.47      0.47      0.50      0.99
          det_prob[78]      0.29      0.00      0.29      0.29      0.29      0.50       nan
          det_prob[79]      0.79      0.00      0.79      0.79      0.79      0.50      0.99
          det_prob[80]      0.16      0.00      0.16      0.16      0.16      0.50      0.99
          det_prob[81]      0.56      0.00      0.56      0.56      0.56      0.50      0.99
          det_prob[82]      0.87      0.00      0.87      0.87      0.87      0.50      0.99
          det_prob[83]      0.18      0.00      0.18      0.18      0.18      0.50      0.99
          det_prob[84]      0.37      0.00      0.37      0.37      0.37      0.50      0.99
          det_prob[85]      0.37      0.00      0.37      0.37      0.37      0.50      0.99
          det_prob[86]      0.73      0.00      0.73      0.73      0.73      0.50      0.99
          det_prob[87]      0.16      0.00      0.16      0.16      0.16      0.50      0.99
          det_prob[88]      0.16      0.00      0.16      0.16      0.16      0.50      0.99
          det_prob[89]      0.77      0.00      0.77      0.77      0.77      0.50      0.99
          det_prob[90]      0.12      0.00      0.12      0.12      0.12      0.50      0.99
          det_prob[91]      0.23      0.00      0.23      0.23      0.23      0.50      0.99
          det_prob[92]      0.12      0.00      0.12      0.12      0.12      0.50      0.99
          det_prob[93]      0.18      0.00      0.18      0.18      0.18      0.50      0.99
          det_prob[94]      0.64      0.00      0.64      0.64      0.64      0.50      0.99
          det_prob[95]      0.12      0.00      0.12      0.12      0.12      0.50      0.99
          det_prob[96]      0.37      0.00      0.37      0.37      0.37      0.50      0.99
          det_prob[97]      0.51      0.00      0.51      0.51      0.51      0.50      0.99
          det_prob[98]      0.72      0.00      0.72      0.72      0.72      0.50      0.99
          det_prob[99]      0.25      0.00      0.25      0.25      0.25      0.50      0.99
         det_prob[100]      0.85      0.00      0.85      0.85      0.85      0.50      0.99
         det_prob[101]      0.29      0.00      0.29      0.29      0.29      0.50      0.99
         det_prob[102]      0.86      0.00      0.86      0.86      0.86      0.50       nan
         det_prob[103]      0.54      0.00      0.54      0.54      0.54      0.50      0.99
         det_prob[104]      0.35      0.00      0.35      0.35      0.35      0.50      0.99
         det_prob[105]      0.41      0.00      0.41      0.41      0.41      0.50      0.99
         det_prob[106]      0.66      0.00      0.66      0.66      0.66      0.50      0.99
         det_prob[107]      0.34      0.00      0.34      0.34      0.34      0.50      0.99
         det_prob[108]      0.16      0.00      0.16      0.16      0.16      0.50      0.99
         det_prob[109]      0.70      0.00      0.70      0.70      0.70      0.50      0.99
         det_prob[110]      0.46      0.00      0.46      0.46      0.46      0.50      0.99
         det_prob[111]      0.81      0.00      0.81      0.81      0.81      0.50      0.99
         det_prob[112]      0.15      0.00      0.15      0.15      0.15      0.50      0.99
         det_prob[113]      0.70      0.00      0.70      0.70      0.70      0.50      0.99
         det_prob[114]      0.65      0.00      0.65      0.65      0.65      0.50      0.99
         det_prob[115]      0.54      0.00      0.54      0.54      0.54      0.50      0.99
         det_prob[116]      0.31      0.00      0.31      0.31      0.31      0.50      0.99
         det_prob[117]      0.51      0.00      0.51      0.51      0.51      0.50      0.99
         det_prob[118]      0.37      0.00      0.37      0.37      0.37      0.50      0.99
         det_prob[119]      0.48      0.00      0.48      0.48      0.48      0.50      0.99
         det_prob[120]      0.66      0.00      0.66      0.66      0.66      0.50      0.99
         det_prob[121]      0.86      0.00      0.86      0.86      0.86      0.50      0.99
         det_prob[122]      0.58      0.00      0.58      0.58      0.58      0.50      0.99
         det_prob[123]      0.12      0.00      0.12      0.12      0.12      0.50      0.99
         det_prob[124]      0.18      0.00      0.18      0.18      0.18      0.50      0.99
         det_prob[125]      0.69      0.00      0.69      0.69      0.69      0.50      0.99
         det_prob[126]      0.58      0.00      0.58      0.58      0.58      0.50      0.99
         det_prob[127]      0.65      0.00      0.65      0.65      0.65      0.50      0.99
         det_prob[128]      0.51      0.00      0.51      0.51      0.51      0.50      0.99
         det_prob[129]      0.81      0.00      0.81      0.81      0.81      0.50      0.99
         det_prob[130]      0.19      0.00      0.19      0.19      0.19      0.50      0.99
         det_prob[131]      0.83      0.00      0.83      0.83      0.83      0.50      0.99
         det_prob[132]      0.40      0.00      0.40      0.40      0.40      0.50      0.99
         det_prob[133]      0.84      0.00      0.84      0.84      0.84      0.50      0.99
         det_prob[134]      0.18      0.00      0.18      0.18      0.18      0.50      0.99
         det_prob[135]      0.48      0.00      0.48      0.48      0.48      0.50      0.99
         det_prob[136]      0.37      0.00      0.37      0.37      0.37      0.50      0.99
         det_prob[137]      0.49      0.00      0.49      0.49      0.49      0.50      0.99
         det_prob[138]      0.36      0.00      0.36      0.36      0.36      0.50      0.99
         det_prob[139]      0.70      0.00      0.70      0.70      0.70      0.50      0.99
         det_prob[140]      0.76      0.00      0.76      0.76      0.76      0.50      0.99
         det_prob[141]      0.22      0.00      0.22      0.22      0.22      0.50      0.99
         det_prob[142]      0.64      0.00      0.64      0.64      0.64      0.50      0.99
         det_prob[143]      0.19      0.00      0.19      0.19      0.19      0.50      0.99
         det_prob[144]      0.12      0.00      0.12      0.12      0.12      0.50      0.99
         det_prob[145]      0.80      0.00      0.80      0.80      0.80      0.50      0.99
         det_prob[146]      0.22      0.00      0.22      0.22      0.22      0.50      0.99
         det_prob[147]      0.88      0.00      0.88      0.88      0.88      0.50      0.99
         det_prob[148]      0.33      0.00      0.33      0.33      0.33      0.50      0.99
         det_prob[149]      0.81      0.00      0.81      0.81      0.81      0.50      0.99
         det_prob[150]      0.28      0.00      0.28      0.28      0.28      0.50      0.99
             det_prob0      0.33      0.00      0.33      0.33      0.33      0.50      0.99
            det_prob_d      0.13      0.00      0.13      0.13      0.13       nan       nan
                 gamma      0.52      0.00      0.52      0.52      0.52      0.50      0.99
                 rw[0]     -1.23      0.00     -1.23     -1.23     -1.23      0.50      0.99
                 rw[1]      1.84      0.00      1.84      1.84      1.84      0.50      0.99
                 rw[2]      0.14      0.00      0.14      0.14      0.14      0.50      0.99
                 rw[3]      0.72      0.00      0.72      0.72      0.72      0.50       nan
                 rw[4]     -0.88      0.00     -0.88     -0.88     -0.88      0.50      0.99
                 rw[5]     -0.22      0.00     -0.22     -0.22     -0.22      0.50      0.99
                 rw[6]     -1.44      0.00     -1.44     -1.44     -1.44      0.50       nan
                 rw[7]      0.76      0.00      0.76      0.76      0.76      0.50      0.99
                 rw[8]      1.63      0.00      1.63      1.63      1.63      0.50      0.99
                 rw[9]      1.68      0.00      1.68      1.68      1.68      0.50      0.99
                rw[10]     -1.58      0.00     -1.58     -1.58     -1.58      0.50      0.99
                rw[11]     -0.31      0.00     -0.31     -0.31     -0.31      0.50      0.99
                rw[12]     -0.13      0.00     -0.13     -0.13     -0.13       nan       nan
                rw[13]     -0.91      0.00     -0.91     -0.91     -0.91      0.50      0.99
                rw[14]      0.12      0.00      0.12      0.12      0.12      0.50       nan
                rw[15]      0.67      0.00      0.67      0.67      0.67      0.50      0.99
                rw[16]     -0.95      0.00     -0.95     -0.95     -0.95      0.50      0.99
                rw[17]      1.25      0.00      1.25      1.25      1.25      0.50      0.99
                rw[18]     -1.98      0.00     -1.98     -1.98     -1.98      0.50      0.99
                rw[19]     -1.57      0.00     -1.57     -1.57     -1.57      0.50      0.99
                rw[20]      0.10      0.00      0.10      0.10      0.10      0.50       nan
                rw[21]     -0.21      0.00     -0.21     -0.21     -0.21      0.50       nan
                rw[22]      0.48      0.00      0.48      0.48      0.48      0.50      0.99
                rw[23]      1.60      0.00      1.60      1.60      1.60      0.50       nan
                rw[24]      0.46      0.00      0.46      0.46      0.46      0.50      0.99
                rw[25]     -0.51      0.00     -0.51     -0.51     -0.51      0.50       nan
                rw[26]     -0.50      0.00     -0.50     -0.50     -0.50      0.50      0.99
                rw[27]     -0.39      0.00     -0.39     -0.39     -0.39      0.50      0.99
                rw[28]      0.16      0.00      0.16      0.16      0.16      0.50      0.99
                rw[29]     -1.57      0.00     -1.57     -1.57     -1.57      0.50      0.99
                rw[30]     -1.04      0.00     -1.04     -1.04     -1.04      0.50      0.99
                rw[31]      1.47      0.00      1.47      1.47      1.47      0.50      0.99
                rw[32]      0.80      0.00      0.80      0.80      0.80      0.50      0.99
                rw[33]     -0.03      0.00     -0.03     -0.03     -0.03       nan       nan
                rw[34]      1.18      0.00      1.18      1.18      1.18      0.50      0.99
                rw[35]      1.81      0.00      1.81      1.81      1.81       nan      0.99
                rw[36]      0.26      0.00      0.26      0.26      0.26      0.50      0.99
                rw[37]     -1.60      0.00     -1.60     -1.60     -1.60      0.50      0.99
                rw[38]     -0.10      0.00     -0.10     -0.10     -0.10      0.50       nan
                rw[39]      0.17      0.00      0.17      0.17      0.17       nan       nan
                rw[40]      1.24      0.00      1.24      1.24      1.24      0.50      0.99
                rw[41]      1.58      0.00      1.58      1.58      1.58      0.50      0.99
                rw[42]      0.65      0.00      0.65      0.65      0.65      0.50      0.99
                rw[43]      0.74      0.00      0.74      0.74      0.74      0.50      0.99
                rw[44]      0.62      0.00      0.62      0.62      0.62      0.50      0.99
                rw[45]     -1.68      0.00     -1.68     -1.68     -1.68      0.50      0.99
                rw[46]      1.29      0.00      1.29      1.29      1.29      0.50      0.99
                rw[47]      0.44      0.00      0.44      0.44      0.44      0.50      0.99
                rw[48]      1.24      0.00      1.24      1.24      1.24      0.50      0.99
                rw[49]      1.82      0.00      1.82      1.82      1.82      0.50      0.99
                rw[50]     -1.28      0.00     -1.28     -1.28     -1.28      0.50      0.99
                rw[51]     -0.52      0.00     -0.52     -0.52     -0.52      0.50      0.99
                rw[52]     -1.38      0.00     -1.38     -1.38     -1.38      0.50      0.99
                rw[53]     -1.21      0.00     -1.21     -1.21     -1.21      0.50      0.99
                rw[54]     -0.24      0.00     -0.24     -0.24     -0.24      0.50      0.99
                rw[55]      0.14      0.00      0.14      0.14      0.14      0.50      0.99
                rw[56]      0.93      0.00      0.93      0.93      0.93      0.50      0.99
                rw[57]      1.38      0.00      1.38      1.38      1.38      0.50      0.99
                rw[58]      1.68      0.00      1.68      1.68      1.68      0.50      0.99
                rw[59]     -0.25      0.00     -0.25     -0.25     -0.25      0.50      0.99
                rw[60]     -0.07      0.00     -0.07     -0.07     -0.07       nan       nan
                rw[61]      0.99      0.00      0.99      0.99      0.99      0.50      0.99
                rw[62]      0.27      0.00      0.27      0.27      0.27      0.50      0.99
                rw[63]      0.57      0.00      0.57      0.57      0.57      0.50      0.99
                rw[64]      1.87      0.00      1.87      1.87      1.87      0.50      0.99
                rw[65]     -1.36      0.00     -1.36     -1.36     -1.36      0.50      0.99
                rw[66]     -1.32      0.00     -1.32     -1.32     -1.32      0.50      0.99
                rw[67]     -1.71      0.00     -1.71     -1.71     -1.71      0.50      0.99
                rw[68]     -1.17      0.00     -1.17     -1.17     -1.17      0.50      0.99
                rw[69]     -1.21      0.00     -1.21     -1.21     -1.21      0.50      0.99
                rw[70]     -0.19      0.00     -0.19     -0.19     -0.19       nan       nan
                rw[71]      1.69      0.00      1.69      1.69      1.69      0.50      0.99
                rw[72]      1.54      0.00      1.54      1.54      1.54      0.50      0.99
                rw[73]     -1.70      0.00     -1.70     -1.70     -1.70      0.50      0.99
                rw[74]      0.16      0.00      0.16      0.16      0.16      0.50      0.99
                rw[75]     -1.31      0.00     -1.31     -1.31     -1.31      0.50      0.99
                rw[76]      1.61      0.00      1.61      1.61      1.61      0.50      0.99
                rw[77]      0.61      0.00      0.61      0.61      0.61      0.50      0.99
                rw[78]     -0.66      0.00     -0.66     -0.66     -0.66      0.50      0.99
                rw[79]      0.94      0.00      0.94      0.94      0.94      0.50      0.99
                rw[80]     -1.48      0.00     -1.48     -1.48     -1.48      0.50      0.99
                rw[81]     -0.23      0.00     -0.23     -0.23     -0.23      0.50      0.99
                rw[82]      1.91      0.00      1.91      1.91      1.91      0.50      0.99
                rw[83]     -1.57      0.00     -1.57     -1.57     -1.57      0.50      0.99
                rw[84]      0.61      0.00      0.61      0.61      0.61      0.50       nan
                rw[85]      0.64      0.00      0.64      0.64      0.64      0.50      0.99
                rw[86]     -0.23      0.00     -0.23     -0.23     -0.23      0.50       nan
                rw[87]     -1.87      0.00     -1.87     -1.87     -1.87      0.50      0.99
                rw[88]      0.39      0.00      0.39      0.39      0.39      0.50      0.99
                rw[89]     -1.74      0.00     -1.74     -1.74     -1.74      0.50      0.99
                rw[90]     -0.06      0.00     -0.06     -0.06     -0.06       nan       nan
                rw[91]     -0.68      0.00     -0.68     -0.68     -0.68       nan      0.99
                rw[92]      1.56      0.00      1.56      1.56      1.56      0.50      0.99
                rw[93]      0.47      0.00      0.47      0.47      0.47      0.50      0.99
                rw[94]     -1.90      0.00     -1.90     -1.90     -1.90      0.50      0.99
                rw[95]      1.36      0.00      1.36      1.36      1.36      0.50      0.99
                rw[96]     -0.35      0.00     -0.35     -0.35     -0.35      0.50      0.99
                rw[97]     -1.78      0.00     -1.78     -1.78     -1.78      0.50      0.99
                rw[98]     -1.19      0.00     -1.19     -1.19     -1.19      0.50      0.99
                rw[99]     -1.96      0.00     -1.96     -1.96     -1.96      0.50      0.99
               rw[100]     -1.69      0.00     -1.69     -1.69     -1.69      0.50      0.99
               rw[101]      1.71      0.00      1.71      1.71      1.71      0.50      0.99
               rw[102]      0.20      0.00      0.20      0.20      0.20      0.50      0.99
               rw[103]     -1.45      0.00     -1.45     -1.45     -1.45      0.50      0.99
               rw[104]     -0.59      0.00     -0.59     -0.59     -0.59      0.50      0.99
               rw[105]     -0.82      0.00     -0.82     -0.82     -0.82      0.50      0.99
               rw[106]     -1.19      0.00     -1.19     -1.19     -1.19      0.50      0.99
               rw[107]      1.72      0.00      1.72      1.72      1.72      0.50      0.99
               rw[108]     -0.29      0.00     -0.29     -0.29     -0.29      0.50      0.99
               rw[109]      1.04      0.00      1.04      1.04      1.04      0.50      0.99
               rw[110]     -0.68      0.00     -0.68     -0.68     -0.68      0.50      0.99
               rw[111]     -0.94      0.00     -0.94     -0.94     -0.94      0.50      0.99
               rw[112]      0.40      0.00      0.40      0.40      0.40       nan       nan
               rw[113]      0.98      0.00      0.98      0.98      0.98      0.50      0.99
               rw[114]     -1.42      0.00     -1.42     -1.42     -1.42      0.50      0.99
               rw[115]     -1.96      0.00     -1.96     -1.96     -1.96      0.50      0.99
               rw[116]      0.93      0.00      0.93      0.93      0.93      0.50      0.99
               rw[117]     -1.68      0.00     -1.68     -1.68     -1.68      0.50      0.99
               rw[118]     -1.63      0.00     -1.63     -1.63     -1.63      0.50      0.99
               rw[119]     -0.27      0.00     -0.27     -0.27     -0.27      0.50      0.99
               rw[120]      0.60      0.00      0.60      0.60      0.60      0.50      0.99
               rw[121]      1.47      0.00      1.47      1.47      1.47      0.50      0.99
               rw[122]     -1.29      0.00     -1.29     -1.29     -1.29      0.50      0.99
               rw[123]      1.18      0.00      1.18      1.18      1.18      0.50      0.99
               rw[124]      1.38      0.00      1.38      1.38      1.38      0.50      0.99
               rw[125]      0.59      0.00      0.59      0.59      0.59      0.50      0.99
               rw[126]     -0.96      0.00     -0.96     -0.96     -0.96      0.50      0.99
               rw[127]     -0.77      0.00     -0.77     -0.77     -0.77      0.50      0.99
               rw[128]     -0.66      0.00     -0.66     -0.66     -0.66      0.50      0.99
               rw[129]     -0.91      0.00     -0.91     -0.91     -0.91      0.50      0.99
               rw[130]     -0.46      0.00     -0.46     -0.46     -0.46      0.50      0.99
               rw[131]     -1.91      0.00     -1.91     -1.91     -1.91      0.50      0.99
               rw[132]      1.91      0.00      1.91      1.91      1.91      0.50      0.99
               rw[133]      0.90      0.00      0.90      0.90      0.90      0.50      0.99
               rw[134]      1.99      0.00      1.99      1.99      1.99      0.50      0.99
               rw[135]      0.15      0.00      0.15      0.15      0.15       nan       nan
               rw[136]     -0.51      0.00     -0.51     -0.51     -0.51      0.50      0.99
               rw[137]      1.70      0.00      1.70      1.70      1.70      0.50      0.99
               rw[138]     -1.35      0.00     -1.35     -1.35     -1.35      0.50      0.99
               rw[139]      0.51      0.00      0.51      0.51      0.51      0.50      0.99
               rw[140]      0.48      0.00      0.48      0.48      0.48      0.50      0.99
               rw[141]     -1.35      0.00     -1.35     -1.35     -1.35      0.50       nan
               rw[142]      0.01      0.00      0.01      0.01      0.01       nan       nan
               rw[143]      0.58      0.00      0.58      0.58      0.58      0.50      0.99
               rw[144]      0.89      0.00      0.89      0.89      0.89      0.50      0.99
               rw[145]     -0.13      0.00     -0.13     -0.13     -0.13      0.50      0.99
               rw[146]      0.40      0.00      0.40      0.40      0.40      0.50      0.99
               rw[147]      0.50      0.00      0.50      0.50      0.50      0.50      0.99
               rw[148]      2.00      0.00      2.00      2.00      2.00      0.50      0.99
               rw[149]     -1.45      0.00     -1.45     -1.45     -1.45      0.50      0.99
               rw[150]      1.16      0.00      1.16      1.16      1.16      0.50      0.99
                 sigma      0.20      0.00      0.20      0.20      0.20      0.50       nan

Number of divergences: 200
